100
2 2 2
2 1 3
4 4 1
3 2 3
7 4 7
5 15 3
6 6 5
6 3 4
8 7 1
2 4 4
20 10 16
4 4 4
3 2 2
5 5 6
5 10 5
10 10 10
18 6 9
6 12 12
10 15 5
3 1 3
7 2 7
7 1 7
5 5 3
8 16 6
18 12 15
4 3 3
6 4 20
14 7 8
6 18 18
13 16 10
18 3 6
15 10 9
6 3 20
16 8 8
5 20 1
1 1 1
5 2 20
8 8 8
5 4 4
7 6 7
12 12 2
2 3 3
6 4 9
3 4 4
5 3 5
6 4 6
6 6 3
5 10 10
19 19 19
9 9 9
5 4 5
6 18 1
5 3 8
6 10 3
6 20 20
3 3 4
5 3 20
2 1 1
5 20 5
5 20 4
7 3 7
20 17 14
19 19 1
8 4 4
7 14 5
2 1 4
18 9 12
6 5 5
5 2 10
5 2 5
4 3 2
5 15 2
11 11 11
20 20 20
5 7 7
7 7 7
7 5 7
7 14 20
6 9 2
18 15 18
5 10 7
5 10 4
10 5 20
17 4 5
19 19 10
8 10 11
5 4 15
5 20 20
5 5 5
5 5 1
5 6 10
4 2 4
2 4 1
6 3 8
6 6 6
4 1 4
4 4 3
5 3 10
10 10 1
7 14 4
